rostopic pub /atlas/atlas_command atlas_msgs/AtlasCommand "header:  
  seq: 0                                    
  stamp: {secs: 0, nsecs: 0}                                                       
  frame_id: ''
position: [0.0004626866430044174, -0.006408494431525469, -0.0007868096581660211, -0.6021820306777954, -0.0006040427833795547, 0.06472411751747131, -0.22622700035572052, 0.582238495349884, -0.3139999806880951, -0.06006181612610817, 7.883738726377487e-05, -0.05934885889291763, -0.22472810745239258, 0.5793055891990662, -0.31281667947769165, 0.061388835310935974, 0.30082982778549194, -1.304731845855713, 2.000997543334961, 0.497448205947876, 0.000161276402650401, -0.002830540994182229, 0.2999347448348999, 1.304283857345581, 2.000720262527466, -0.4980868101119995, 0.00012786885781679302, 0.0016335311811417341]
velocity: [0,0,0,0,0,0,0,0,0,0,0,0,0,0,0,0,0,0,0,0,0,0,0,0,0,0,0,0]
effort: [0,0,0,0,0,0,0,0,0,0,0,0,0,0,0,0,0,0,0,0,0,0,0,0,0,0,0,0]
kp_position: [30000,20000,80000,20,5000,10000,20000,10000,9000,3000,5000,10000,20000,10000,9000,3000,15000, 35000, 600, 800, 500, 500, 15000, 35000, 600, 800, 500, 500] 
ki_position: [0,0,0,0,0,0,0,0,0,0,0,0,0,0,0,0,0,0,0,0,0,0,0,0,0,0,0,0]
kd_position: [0,0,0,0,0,0,0,0,0,0,0,0,0,0,0,0,0,0,0,0,0,0,0,0,0,0,0,0]
kp_velocity: [1,1,1,1,1,1,1,1,1,1,1,1,1,1,1,1,1,1,1,1,1,1,1,1,1,1,1,1]
k_effort: [255, 255, 255, 255, 255, 255, 255, 255, 255, 255, 255, 255, 255, 255, 255, 255, 255, 255, 255, 255, 255, 255, 255, 255, 255, 255, 255, 255]
i_effort_min: [0,0,0,0,0,0,0,0,0,0,0,0,0,0,0,0,0,0,0,0,0,0,0,0,0,0,0,0]
i_effort_max: [0,0,0,0,0,0,0,0,0,0,0,0,0,0,0,0,0,0,0,0,0,0,0,0,0,0,0,0]
desired_controller_period_ms: 10" 


