{"priority": "blocker", "kind": "bug", "repository": {"links": {"self": {"href": "data/repositories/osrf/drcsim.json"}, "html": {"href": "#!/osrf/drcsim"}, "avatar": {"href": "data/bytebucket.org/ravatar/{247b5408-ae91-4e3c-b2f9-a21994658d11}ts=c_plus_plus"}}, "type": "repository", "name": "drcsim", "full_name": "osrf/drcsim", "uuid": "{247b5408-ae91-4e3c-b2f9-a21994658d11}"}, "links": {"attachments": {"href": "data/repositories/osrf/drcsim/issues/316/attachments_page=1.json"}, "self": {"href": "data/repositories/osrf/drcsim/issues/316.json"}, "watch": {"href": "https://api.bitbucket.org/2.0/repositories/osrf/drcsim/issues/316/watch"}, "comments": {"href": "data/repositories/osrf/drcsim/issues/316/comments_page=1.json"}, "html": {"href": "#!/osrf/drcsim/issues/316/coupling-inserted-into-standpipe-without"}, "vote": {"href": "https://api.bitbucket.org/2.0/repositories/osrf/drcsim/issues/316/vote"}}, "reporter": {"display_name": "John Hsu", "uuid": "{0a186eae-abf0-4514-a951-23db5eccc286}", "links": {"self": {"href": "https://api.bitbucket.org/2.0/users/%7B0a186eae-abf0-4514-a951-23db5eccc286%7D"}, "html": {"href": "https://bitbucket.org/%7B0a186eae-abf0-4514-a951-23db5eccc286%7D/"}, "avatar": {"href": "https://avatar-management--avatars.us-west-2.prod.public.atl-paas.net/557058:f3968cd3-4910-4384-8349-482a6c7889ec/5445ce6e-6273-47f0-84eb-621c86ca11cb/128"}}, "nickname": "hsu", "type": "user", "account_id": "557058:f3968cd3-4910-4384-8349-482a6c7889ec"}, "title": "coupling inserted into standpipe without creating a screw joint", "component": null, "votes": 0, "watches": 3, "content": {"raw": "Current tolerances allows for insertion of the coupling into the standpipe without creating a screw joint.  For example:\r\n\r\n~~~\r\nError [VRCPlugin.cpp:902] insert [-3.30583e-05] center [0.00412071] rpy [0.046218] valve [-5.1692e-13]\r\nError [VRCPlugin.cpp:896]  relativePose [-0.004078 0.001994 0.023003 -1.59388 1.53469 2.71514] [-0.032869 0.014933 -0.999348] [0.919152 -0.392246 -0.036092] [-0.392529 -0.919739 -0.000833]\r\nError [VRCPlugin.cpp:902] insert [2.82978e-06] center [0.00412361] rpy [0.0462399] valve [-5.1692e-13]\r\nError [VRCPlugin.cpp:896]  relativePose [-0.004081 0.001995 0.023039 -1.59382 1.53466 2.7152] [-0.032889 0.01494 -0.999347] [0.919148 -0.392253 -0.036114] [-0.392537 -0.919736 -0.000832]\r\nError [VRCPlugin.cpp:902] insert [3.88167e-05] center [0.00412651] rpy [0.0462619] valve [-5.1692e-13]\r\nError [VRCPlugin.cpp:896]  relativePose [-0.004083 0.001995 0.023075 -1.59376 1.53464 2.71525] [-0.03291 0.014948 -0.999347] [0.919144 -0.392261 -0.036136] [-0.392545 -0.919733 -0.00083]\r\nError [VRCPlugin.cpp:902] insert [7.49023e-05] center [0.00412941] rpy [0.0462839] valve [-5.1692e-13]\r\nError [VRCPlugin.cpp:896]  relativePose [-0.004086 0.001996 0.023111 -1.59369 1.53462 2.71531] [-0.032931 0.014955 -0.999346] [0.91914 -0.392268 -0.036158] [-0.392552 -0.919729 -0.000828]\r\nError [VRCPlugin.cpp:902] insert [0.000111087] center [0.0041323] rpy [0.0463059] valve [-5.1692e-13]\r\nError [VRCPlugin.cpp:896]  relativePose [-0.004089 0.001997 0.023147 -1.59363 1.5346 2.71536] [-0.032952 0.014962 -0.999345] [0.919136 -0.392275 -0.03618] [-0.39256 -0.919726 -0.000826]\r\nError [VRCPlugin.cpp:902] insert [0.00014737] center [0.00413519] rpy [0.0463278] valve [-5.1692e-13]\r\nError [VRCPlugin.cpp:896]  relativePose [-0.004092 0.001997 0.023184 -1.59357 1.53458 2.71542] [-0.032972 0.014969 -0.999344] [0.919132 -0.392283 -0.036202] [-0.392567 -0.919723 -0.000824]\r\nError [VRCPlugin.cpp:902] insert [0.000183751] center [0.00413808] rpy [0.0463498] valve [-5.1692e-13]\r\nError [VRCPlugin.cpp:896]  relativePose [-0.004095 0.001998 0.02322 -1.5935 1.53455 2.71547] [-0.032993 0.014977 -0.999343] [0.919128 -0.39229 -0.036224] [-0.392575 -0.91972 -0.000823]\r\nError [VRCPlugin.cpp:902] insert [0.000220231] center [0.00414097] rpy [0.0463717] valve [-5.1692e-13]\r\nError [VRCPlugin.cpp:896]  relativePose [-0.004098 0.001999 0.023257 -1.59344 1.53453 2.71552] [-0.033014 0.014984 -0.999343] [0.919124 -0.392297 -0.036246] [-0.392582 -0.919717 -0.000821]\r\nError [VRCPlugin.cpp:902] insert [0.00025681] center [0.00414386] rpy [0.0463936] valve [-5.1692e-13]\r\n~~~\r\n\r\nwhere **center** is around `0.004m` which is greater than the expected tolerance of `0.003m`, while `insert > 0` and `rpy error < 0.05`.  this is probably because the **center** error is computed from the coupling link location, which is about 0.135m back from the coupling collision surface closest to the spout.\r\n", "markup": "markdown", "html": "<p>Current tolerances allows for insertion of the coupling into the standpipe without creating a screw joint.  For example:</p>\n<div class=\"codehilite\"><pre><span></span>Error [VRCPlugin.cpp:902] insert [-3.30583e-05] center [0.00412071] rpy [0.046218] valve [-5.1692e-13]\nError [VRCPlugin.cpp:896]  relativePose [-0.004078 0.001994 0.023003 -1.59388 1.53469 2.71514] [-0.032869 0.014933 -0.999348] [0.919152 -0.392246 -0.036092] [-0.392529 -0.919739 -0.000833]\nError [VRCPlugin.cpp:902] insert [2.82978e-06] center [0.00412361] rpy [0.0462399] valve [-5.1692e-13]\nError [VRCPlugin.cpp:896]  relativePose [-0.004081 0.001995 0.023039 -1.59382 1.53466 2.7152] [-0.032889 0.01494 -0.999347] [0.919148 -0.392253 -0.036114] [-0.392537 -0.919736 -0.000832]\nError [VRCPlugin.cpp:902] insert [3.88167e-05] center [0.00412651] rpy [0.0462619] valve [-5.1692e-13]\nError [VRCPlugin.cpp:896]  relativePose [-0.004083 0.001995 0.023075 -1.59376 1.53464 2.71525] [-0.03291 0.014948 -0.999347] [0.919144 -0.392261 -0.036136] [-0.392545 -0.919733 -0.00083]\nError [VRCPlugin.cpp:902] insert [7.49023e-05] center [0.00412941] rpy [0.0462839] valve [-5.1692e-13]\nError [VRCPlugin.cpp:896]  relativePose [-0.004086 0.001996 0.023111 -1.59369 1.53462 2.71531] [-0.032931 0.014955 -0.999346] [0.91914 -0.392268 -0.036158] [-0.392552 -0.919729 -0.000828]\nError [VRCPlugin.cpp:902] insert [0.000111087] center [0.0041323] rpy [0.0463059] valve [-5.1692e-13]\nError [VRCPlugin.cpp:896]  relativePose [-0.004089 0.001997 0.023147 -1.59363 1.5346 2.71536] [-0.032952 0.014962 -0.999345] [0.919136 -0.392275 -0.03618] [-0.39256 -0.919726 -0.000826]\nError [VRCPlugin.cpp:902] insert [0.00014737] center [0.00413519] rpy [0.0463278] valve [-5.1692e-13]\nError [VRCPlugin.cpp:896]  relativePose [-0.004092 0.001997 0.023184 -1.59357 1.53458 2.71542] [-0.032972 0.014969 -0.999344] [0.919132 -0.392283 -0.036202] [-0.392567 -0.919723 -0.000824]\nError [VRCPlugin.cpp:902] insert [0.000183751] center [0.00413808] rpy [0.0463498] valve [-5.1692e-13]\nError [VRCPlugin.cpp:896]  relativePose [-0.004095 0.001998 0.02322 -1.5935 1.53455 2.71547] [-0.032993 0.014977 -0.999343] [0.919128 -0.39229 -0.036224] [-0.392575 -0.91972 -0.000823]\nError [VRCPlugin.cpp:902] insert [0.000220231] center [0.00414097] rpy [0.0463717] valve [-5.1692e-13]\nError [VRCPlugin.cpp:896]  relativePose [-0.004098 0.001999 0.023257 -1.59344 1.53453 2.71552] [-0.033014 0.014984 -0.999343] [0.919124 -0.392297 -0.036246] [-0.392582 -0.919717 -0.000821]\nError [VRCPlugin.cpp:902] insert [0.00025681] center [0.00414386] rpy [0.0463936] valve [-5.1692e-13]\n</pre></div>\n\n\n<p>where <strong>center</strong> is around <code>0.004m</code> which is greater than the expected tolerance of <code>0.003m</code>, while <code>insert &gt; 0</code> and <code>rpy error &lt; 0.05</code>.  this is probably because the <strong>center</strong> error is computed from the coupling link location, which is about 0.135m back from the coupling collision surface closest to the spout.</p>", "type": "rendered"}, "assignee": {"display_name": "John Hsu", "uuid": "{0a186eae-abf0-4514-a951-23db5eccc286}", "links": {"self": {"href": "https://api.bitbucket.org/2.0/users/%7B0a186eae-abf0-4514-a951-23db5eccc286%7D"}, "html": {"href": "https://bitbucket.org/%7B0a186eae-abf0-4514-a951-23db5eccc286%7D/"}, "avatar": {"href": "https://avatar-management--avatars.us-west-2.prod.public.atl-paas.net/557058:f3968cd3-4910-4384-8349-482a6c7889ec/5445ce6e-6273-47f0-84eb-621c86ca11cb/128"}}, "nickname": "hsu", "type": "user", "account_id": "557058:f3968cd3-4910-4384-8349-482a6c7889ec"}, "state": "resolved", "version": null, "edited_on": null, "created_on": "2013-06-03T00:05:14.756235+00:00", "milestone": null, "updated_on": "2013-06-07T03:00:50.524956+00:00", "type": "issue", "id": 316}