header: 
  seq: 59418
  stamp: 
    secs: 59
    nsecs: 419000000
  frame_id: ''
position: [-0.04390900209546089, -0.013381033204495907, -0.012083478271961212, 0.7572948336601257, 0.33729180693626404, 0.1418883353471756, -1.6009163856506348, 1.7840274572372437, -0.14163847267627716, -0.09590230137109756, -0.8245567679405212, -0.01808382384479046, -1.5406506061553955, 1.8826566934585571, -0.28393930196762085, -0.002323184860870242, 0.0839855968952179, 0.02646748535335064, 1.6004124879837036, 1.505263328552246, -1.5696377754211426, -0.06516072154045105, -0.07409026473760605, 0.1338946372270584, 1.6599794626235962, -1.458115577697754, -1.5160943269729614, 0.07488470524549484]
velocity: [-0.05637883022427559, 0.09295804798603058, -0.006844752002507448, 0.0570734441280365, -0.03522476553916931, -0.007059878204017878, 0.1556982696056366, -0.037914782762527466, -0.12992793321609497, 0.1651441901922226, -0.04236359894275665, -0.05135895684361458, 0.10718986392021179, -0.018271429464221, -0.10768339037895203, -0.18122559785842896, 0.030609672889113426, 0.028439095243811607, -0.02009735442698002, -0.0016963762464001775, -0.0044982293620705605, 0.002695689909160137, -0.06635362654924393, -0.030971672385931015, 0.029522161930799484, 0.03910128399729729, -0.03546576946973801, -0.009813251905143261]
effort: [7.7836408615112305, -43.30942916870117, 7.416622638702393, 0.5494189858436584, -22.140514373779297, -25.820913314819336, 38.61629867553711, -5.4791579246521, -0.7419262528419495, -0.44588717818260193, 8.517364501953125, 24.9652042388916, 23.92884635925293, -10.15756893157959, -1.0475314855575562, 0.3822387158870697, -12.408831596374512, 35.28369903564453, -23.53878402709961, -0.12269503623247147, -0.20358726382255554, 5.83335018157959, -16.724838256835938, -35.113189697265625, -22.845420837402344, -2.5320188999176025, 0.08257672190666199, -5.694900035858154]
kp_position: [0.0, 0.0, 0.0, 0.0, 0.0, 0.0, 0.0, 0.0, 0.0, 0.0, 0.0, 0.0, 0.0, 0.0, 0.0, 0.0, 0.0, 0.0, 0.0, 0.0, 0.0, 0.0, 0.0, 0.0, 0.0, 0.0, 0.0, 0.0]
ki_position: [0.0, 0.0, 0.0, 0.0, 0.0, 0.0, 0.0, 0.0, 0.0, 0.0, 0.0, 0.0, 0.0, 0.0, 0.0, 0.0, 0.0, 0.0, 0.0, 0.0, 0.0, 0.0, 0.0, 0.0, 0.0, 0.0, 0.0, 0.0]
kd_position: [0.0, 0.0, 0.0, 0.0, 0.0, 0.0, 0.0, 0.0, 0.0, 0.0, 0.0, 0.0, 0.0, 0.0, 0.0, 0.0, 0.0, 0.0, 0.0, 0.0, 0.0, 0.0, 0.0, 0.0, 0.0, 0.0, 0.0, 0.0]
kp_velocity: [0.0, 0.0, 0.0, 0.0, 0.0, 0.0, 0.0, 0.0, 0.0, 0.0, 0.0, 0.0, 0.0, 0.0, 0.0, 0.0, 0.0, 0.0, 0.0, 0.0, 0.0, 0.0, 0.0, 0.0, 0.0, 0.0, 0.0, 0.0]
i_effort_min: [0.0, 0.0, 0.0, 0.0, 0.0, 0.0, 0.0, 0.0, 0.0, 0.0, 0.0, 0.0, 0.0, 0.0, 0.0, 0.0, 0.0, 0.0, 0.0, 0.0, 0.0, 0.0, 0.0, 0.0, 0.0, 0.0, 0.0, 0.0]
i_effort_max: [0.0, 0.0, 0.0, 0.0, 0.0, 0.0, 0.0, 0.0, 0.0, 0.0, 0.0, 0.0, 0.0, 0.0, 0.0, 0.0, 0.0, 0.0, 0.0, 0.0, 0.0, 0.0, 0.0, 0.0, 0.0, 0.0, 0.0, 0.0]
k_effort: [255, 255, 255, 255, 255, 255, 255, 255, 255, 255, 255, 255, 255, 255, 255, 255, 255, 255, 255, 255, 255, 255, 255, 255, 255, 255, 255, 255]
orientation: 
  x: 0.0129395954202
  y: -0.0293245812883
  z: 0.781372718932
  w: 0.623240972587
angular_velocity: 
  x: 0.0216484735142
  y: 0.0148169367162
  z: 0.0120043987111
linear_acceleration: 
  x: 4.18211778065
  y: -0.543871579544
  z: 20.6958089073
l_foot: 
  force: 
    x: 0.0
    y: 0.0
    z: 141.818397166
  torque: 
    x: 0.463027489043
    y: -1.05107571361
    z: 0.0
r_foot: 
  force: 
    x: 0.0
    y: 0.0
    z: 97.9099626817
  torque: 
    x: -0.400603675958
    y: 0.939907611528
    z: 0.0
l_hand: 
  force: 
    x: 0.308930496665
    y: 3.56833703176
    z: -50.241341928
  torque: 
    x: -5.83307880398
    y: 0.187915076873
    z: 0.0166733795306
r_hand: 
  force: 
    x: -2.8068989934
    y: 1.1455243385
    z: -49.7260472052
  torque: 
    x: 5.69390952121
    y: -0.116752544982
    z: -0.390198336891
